1,SHEILA,2,1980/2/12,372300,27876,9744
2,Ｓｕｇａｒ,2,1979/2/4,362300,26676,9264
3,あびる優,2,1978/1/27,352300,25476,9504
4,キタキマユ,2,1958/10/26,470000,38400,9494
5,くまきりあさ美,2,1977/1/19,342300,48720,9024
6,チェン・チュー,2,1957/10/20,480000,37200,9254
7,ゆりん,2,1976/1/12,332300,46320,8784
8,ユンソナ,2,1956/10/14,440000,36000,8774
9,阿部力,1,1986/3/30,505600,45072,8695
10,愛華みれ,2,1955/10/9,430000,33600,9014
11,芦名星,2,1975/1/4,322300,47520,8544
12,綾瀬はるか,2,1954/10/3,420000,34800,8534
13,安藤絵里菜,2,1953/9/27,410000,30000,8294
14,伊集院光,1,1985/3/20,495600,42672,8455
15,伊藤かずえ,2,1973/12/27,312300,45120,8304
16,井森美幸,2,1972/12/19,302300,43920,8064
17,井村空美,2,1986/3/30,400000,31200,8054
18,加美真陽,2,1985/3/24,390000,32400,7814
19,夏樹陽子,2,1984/3/18,380000,28800,7574
20,河原さぶ,1,1984/3/10,485600,41472,8215
21,街田しおん,2,1983/3/13,370000,27600,7334
22,吉村明宏,1,1983/3/1,475600,40272,7975
23,吉田たかよし,1,1982/2/19,465600,39072,7735
24,吉田鋼太郎,1,1981/2/9,455600,37872,7495
25,丘みつ子,2,1971/12/12,292300,42720,7824
26,久保田磨希,2,1970/12/4,282300,41520,7584
27,宮崎美子,2,1969/11/26,272300,40320,7344
28,近藤あゆみ,2,1968/11/18,262300,39120,6864
29,戸田菜穂,2,1982/3/7,360000,26400,7094
30,工藤光一郎,1,1960/7/29,255600,44676,7584
31,工藤順一郎,1,1980/1/31,445600,36672,7255
32,香椎由宇,2,1967/11/11,252300,37920,7104
33,今陽子,2,1981/3/1,350000,22800,6614
34,佐津川愛美,2,1966/11/3,242300,36720,7584
35,佐藤仁美,2,1980/2/24,340000,24000,6854
36,佐藤千亜妃,2,1965/10/26,232300,34320,7255
37,妻夫木聡,1,1979/1/21,435600,35472,7015
38,斎藤陽子,2,1964/10/18,222300,35520,7015
39,載寧龍二,1,1959/7/20,245600,43476,7344
40,榊原郁恵,2,1963/10/11,212300,33120,6775
41,笹本玲奈,2,1962/10/3,406000,31920,6535
42,三浦浩一,1,1958/7/10,235600,42276,6864
43,山崎裕太,1,1957/6/30,482300,41076,7104
44,山瀬まみ,2,1979/2/18,330000,25200,6374
45,山田美保子,2,1961/9/25,386000,29520,6295
46,市村正親,1,1956/6/20,472300,39876,6624
47,寺田有希,2,1960/9/17,396000,30720,6055
48,鹿賀丈史,1,1978/1/11,425600,33072,6775
49,酒井彩名,2,1959/9/10,376000,28320,5815
50,松井誠,1,1977/1/1,415600,34272,6535
51,松永博史,1,1955/6/11,462300,38676,6384
52,松下恵,2,1958/9/2,366000,27120,5575
53,松山ケンイチ,1,1975/12/23,405600,31872,6295
54,松尾政寿,1,1974/12/13,395600,30672,6055
55,上原さくら,2,1957/8/25,356000,25920,5335
56,植松真美,2,1978/2/12,320000,21600,6134
57,新山千春,2,1956/8/17,346000,24720,5095
58,森ちえみ,2,1955/8/10,336000,23520,9744
59,深田恭子,2,1977/2/6,310000,60672,5894
60,仁藤優子,2,1954/8/2,326000,22320,9264
61,水崎綾女,2,1953/7/25,316000,48720,9504
62,星野真希,2,1986/3/30,306000,46320,9024
63,清水萌々子,2,1985/3/24,286000,47520,8784
64,西端さおり,2,1984/3/18,296000,45120,8544
65,石垣佑磨,1,1954/6/1,442300,37476,5904
66,石原さとみ,2,1983/3/13,276000,43920,8304
67,石川禅,1,1953/5/22,452300,36276,6144
68,千代将太,1,1986/3/30,412300,35076,5664
69,川村陽介,1,1973/12/3,385600,29472,5815
70,船越英一郎,1,1985/3/22,422300,33876,5424
71,村松えり,2,1982/3/7,266000,42720,8064
72,大橋一三,1,1972/11/23,365600,28272,5575
73,大森博史,1,1984/3/14,432300,32676,5184
74,大石吾朗,1,1971/11/14,375600,57876,5335
75,大沢逸美,2,1981/3/1,246000,41520,7824
76,大竹佑季,2,1980/2/24,256000,40320,7584
77,滝口ミラ,2,1979/2/18,236000,39120,11095
78,中村美貴,2,1978/2/12,226000,37920,10615
79,中村麻美,2,1976/2/1,300000,59472,5654
80,中尾明慶,1,1970/11/4,355600,56676,5095
81,中林芽依,2,1975/1/26,280000,58272,11575
82,鶴見辰吾,1,1969/10/25,345600,55476,9744
83,田口浩正,1,1968/10/15,335600,53076,9264
84,東ちづる,2,1974/1/20,290000,57072,11335
85,東亜優,2,1973/1/14,250000,55872,11095
86,筒井康隆,1,1983/3/7,402300,31476,4944
87,藤原竜也,1,1967/10/6,325600,54276,9504
88,藤真利子,2,1972/1/9,260000,54672,10615
89,藤本綾,2,1977/2/6,216000,36720,10855
90,内田朝陽,1,1966/9/26,315600,49476,9024
91,馬渕英里何,2,1976/2/1,206000,34320,9895
92,柏木由紀子,2,1971/1/3,270000,53472,10855
93,飯野めぐみ,2,1975/1/26,196000,35520,10135
94,番ことみ,2,1974/1/20,186000,37920,10375
95,比企理恵,2,1969/12/28,240000,52272,9895
96,美波,2,1973/1/14,560000,56400,4800
97,浜口順子,2,1972/1/9,570000,57600,5040
98,武田真治,1,1965/9/16,305600,50676,8784
99,福井未菜,2,1968/12/22,230000,51072,10135
100,福田真由美,2,1971/1/3,580000,52800,4320
101,平山あや,2,1969/12/28,590000,51600,12134
102,片平なぎさ,2,1968/12/22,176000,50400,11894
103,豊岡真澄,2,1967/12/17,220000,49872,10375
104,堀越のり,2,1966/12/11,190000,48672,9655
105,堀朱里,2,1967/12/17,550000,49200,11654
106,木下明水,1,1982/2/27,392300,30276,4704
107,木村了,1,1964/9/6,295600,51876,8544
108,木南晴夏,2,1966/12/11,540000,48000,11414
109,野村恵里,2,1965/12/5,530000,46800,11174
110,優香,2,1965/12/5,200000,47472,9415
111,有馬稲子,2,1964/11/29,520000,45600,10934
112,輿石有亮,1,1963/8/28,275600,48276,8304
113,林家いっ平,1,1962/8/18,285600,47076,8064
114,林知花,2,1963/11/24,510000,44400,10694
115,林美貴子,2,1964/11/29,210000,46272,9175
116,鈴木ヒロミツ,1,1981/2/19,382300,29076,4464
117,鈴木一真,1,1961/8/8,265600,45876,7824
118,鈴木砂羽,2,1962/11/18,500000,43200,10454
119,和希沙也,2,1961/11/12,490000,42000,10214
120,和田アキ子,2,1963/11/24,180000,43872,8935
121,濱田万葉,2,1960/11/6,450000,40800,9974
122,籐子,2,1959/11/1,460000,39600,9734
